13 69 52 48 65 36 34 25 30 14 78 61 29 61 15 40 15 59 35 70 67 
90 89 59 96 23 64 19 8 31 70 12 4 53 93 54 96 88 39 92 11 90 93 75 22 65 13 54 41 27 29 53 37 81 38 18 8 50 100 23 54 81 37 33 27 15 15 36 90 
36 31 2 5 24 45 82 10 39 95 62 67 5 56 28 53 15 52 45 88 12 48 39 91 2 100 68 40 20 36 39 49 32 45 34 81 14 47 15 17 91 91 24 62 4 2 88 14 21 22 28 
61 21 50 72 88 79 88 93 71 54 72 65 15 99 32 93 88 34 22 43 57 72 19 62 86 94 6 9 43 64 20 80 99 59 3 27 62 75 79 47 60 63 37 30 19 
88 22 73 13 57 68 42 24 63 27 97 8 48 9 61 85 35 44 18 99 28 6 31 30 17 35 51 23 58 59 23 69 29 16 48 61 33 59 20 49 48 68 40 6 1 95 49 53 94 44 84 
12 83 99 18 3 17 66 19 68 78 11 60 16 30 17 61 3 68 67 33 58 91 64 31 
72 99 44 2 72 82 57 60 89 46 57 81 99 96 68 52 73 44 57 8 77 50 53 72 80 7 67 85 82 14 79 13 4 37 83 47 24 13 66 91 36 23 42 13 39 35 72 85 85 67 12 54 34 86 83 2 23 
98 59 63 35 18 93 66 3 53 64 45 73 50 11 15 26 27 29 13 44 86 93 94 3 13 42 12 45 60 85 97 85 32 93 40 71 14 98 5 86 30 56 76 25 50 
60 68 74 96 45 15 21 67 98 69 38 42 14 1 29 5 15 49 8 94 8 8 86 40 89 98 59 80 48 61 45 11 57 61 23 82 99 28 41 76 41 10 89 27 64 92 40 63 
65 5 31 99 46 17 61 28 19 100 71 63 80 74 39 77 99 75 2 90 50 11 97 86 72 23 20 95 86 30 98 58 55 44 58 21 59 36 62 28 5 52 38 18 71 
72 17 9 23 11 32 88 77 45 96 58 24 83 51 15 
36 100 77 87 88 41 79 88 89 54 83 73 86 66 60 43 99 16 16 33 21 84 66 7 22 98 15 
80 92 34 7 34 99 65 18 65 16 87 85 7 45 64 84 7 56 58 59 74 55 92 23 57 43 41 49 12 68 68 32 92 34 66 27 39 68 35 24 18 96 13 4 79 
17 67 5 84 20 3 60 100 67 68 69 90 59 10 22 
71 88 9 100 33 60 76 30 40 73 92 31 95 28 95 43 28 59 14 42 36 72 78 78 41 25 41 
4 84 74 58 29 6 90 9 36 58 75 80 58 13 34 33 92 57 91 28 36 33 7 82 83 38 47 56 4 27 33 31 57 20 65 30 31 47 55 71 63 26 42 66 27 58 43 16 
37 97 27 21 58 91 47 77 47 65 54 8 61 66 30 81 43 6 92 33 17 9 96 100 60 3 32 15 66 60 43 94 50 94 92 40 57 57 30 24 57 22 
48 84 7 24 74 67 19 67 68 18 6 13 80 74 24 23 45 92 39 67 52 8 76 93 6 76 92 27 77 46 95 66 42 48 33 19 68 97 6 49 59 91 41 58 96 50 46 92 72 18 93 4 36 79 76 38 86 3 52 71 
11 69 27 50 81 26 48 1 92 69 58 15 25 91 72 8 96 82 75 29 83 2 24 99 25 90 53 3 65 42 50 24 66 66 10 65 100 31 33 40 69 25 67 56 99 57 81 1 40 40 79 36 32 59 60 78 84 98 92 65 
65 18 89 83 28 1 68 27 4 85 28 35 72 14 45 10 7 41 33 59 56 43 75 84 98 60 78 8 60 25 4 83 10 30 67 96 20 76 20 26 19 73 82 39 75 89 13 80 33 20 97 1 93 62 96 62 80 71 73 50 95 61 83 
52 12 48 67 85 38 
44 32 60 47 82 30 60 21 60 54 14 67 41 26 33 81 97 50 5 83 67 27 65 86 51 4 53 10 58 77 
39 59 79 18 17 31 23 77 67 76 77 31 6 4 68 94 75 63 21 30 91 44 83 37 39 9 80 24 20 16 92 14 6 25 99 3 65 37 26 10 96 88 36 24 99 80 64 29 4 73 96 73 2 44 62 29 91 2 1 68 
8 87 26 95 97 99 51 45 22 57 29 34 83 9 38 46 67 82 
10 4 23 59 61 25 14 29 18 7 85 47 97 71 22 32 17 66 16 51 73 60 31 87 74 40 89 33 12 15 
61 81 94 65 36 100 68 17 17 53 94 53 5 57 84 
92 13 35 71 77 37 44 78 89 
39 39 100 40 57 89 34 98 84 69 25 56 35 50 91 17 16 31 
10 36 41 26 27 51 55 75 83 2 49 82 
35 94 40 59 42 4 42 98 28 41 47 37 
18 87 5 43 5 51 69 65 93 
74 28 65 1 25 39 2 10 1 52 20 6 
3 78 82 69 38 50 62 93 84 26 73 100 55 21 40 61 67 25 90 48 94 69 99 86 63 31 68 11 38 84 12 18 92 92 72 9 1 64 77 18 90 38 22 58 24 52 75 11 29 26 14 28 75 99 72 97 77 
21 84 72 4 87 74 45 27 57 100 33 94 51 77 55 67 43 37 83 21 35 
51 49 19 26 78 27 97 89 13 57 63 69 93 1 98 89 16 66 99 92 29 66 92 9 41 22 32 18 11 78 85 19 32 55 93 31 100 10 37 79 19 12 27 94 34 50 32 22 75 100 70 35 16 37 
11 100 95 77 56 84 59 93 88 65 96 46 65 99 89 
40 50 85 57 58 6 34 77 29 1 29 47 47 91 34 35 92 39 
63 34 1 48 57 41 67 83 39 12 48 96 49 78 22 
98 39 60 78 28 44 49 96 19 82 75 41 83 3 97 67 56 55 95 54 27 96 95 1 21 47 8 
82 6 27 80 87 59 84 89 1 92 90 64 8 39 9 80 21 6 28 34 38 48 93 53 
13 35 70 5 61 9 31 30 55 92 40 99 
83 27 40 27 9 2 59 85 98 92 68 5 83 36 27 95 64 56 9 15 30 100 76 71 93 73 33 76 2 54 40 13 8 25 83 51 67 95 13 78 42 26 54 74 49 
48 80 50 52 43 33 3 58 29 69 65 16 91 41 62 99 24 19 30 70 68 27 84 84 54 91 14 14 9 64 59 17 54 
72 32 90 29 4 27 8 100 78 30 77 35 10 47 61 72 54 69 58 67 34 50 24 4 65 74 16 42 80 56 85 76 39 24 98 7 73 75 81 70 11 9 37 72 50 14 1 30 93 77 11 71 89 33 49 23 92 27 6 27 93 20 100 
51 96 9 74 57 92 23 11 48 85 77 2 86 54 66 20 29 52 
77 18 75 17 23 32 48 43 34 2 100 9 
63 45 4 70 55 37 71 3 43 46 45 10 44 60 30 52 18 26 44 77 57 28 1 45 41 83 39 37 60 9 77 19 79 79 65 44 7 67 13 18 57 30 5 48 23 49 59 53 8 56 73 33 54 43 71 37 63 
12 82 42 32 99 64 27 90 92 6 78 21 91 71 10 87 40 39 41 98 92 58 62 96 92 77 38 35 51 5 67 54 48 9 47 27 64 86 60 50 9 46 33 42 74 48 81 57 65 82 68 49 86 95 
66 46 15 16 4 55 84 45 72 89 17 27 73 77 24 75 18 42 50 29 16 18 9 55 46 49 54 8 61 69 67 59 77 3 54 5 39 53 76 10 82 45 21 4 3 56 27 45 27 14 42 50 21 72 
20 37 94 5 12 77 68 71 91 5 34 100 22 19 64 51 22 4 89 17 81 23 90 42 33 84 94 90 66 67 4 42 69 46 6 59 52 7 45 30 72 68 40 60 87 